1999 4248 2342
5707 851 4604
8495 4836 1085
8515 4591 3132
9539 8020 3534
5360 5546 2225
5245 8259 1213
7447 1138 5448
5670 7147 1622
4982 7470 7797
9538 4739 7741
7517 3616 9472
1650 4629 4475
3478 5565 9540
9799 9090 7054
5041 8804 7268
5175 1702 6348
8559 7823 1195
797 2354 8321
5380 1601 4291
8256 6307 4662
605 2520 5617
935 4712 7554
4059 6563 3322
1689 2282 5900
1412 5101 5875
9138 1335 5714
4648 8663 7238
3442 5658 2006
4521 8742 9445
3978 618 3843
2075 866 9811
815 569 5928
657 8470 2809
7881 392 9805
1886 8624 8251
4413 6948 1834
8321 7287 4904
2803 8451 89
5946 5286 2477
1667 8098 7134
950 3984 4707
451 5586 727
6931 2269 2362
5064 854 2685
9659 1056 8744
785 6319 2367
1884 9462 1814
6485 2595 2079
5366 5251 5239
7882 4545 5393
1792 2201 847
3450 3519 3352
4504 5726 2322
9046 7267 5307
5444 9765 947
4655 9744 9336
7768 7896 4807
885 7648 5016
6385 38 7474
1208 6960 3475
6346 7254 5161
6886 4496 2225
7112 9619 7818
3101 7195 5165
4694 1615 360
4838 853 3837
1899 3633 6344
7541 5798 5783
5619 9644 8040
9831 4389 5726
4887 2680 7754
1223 5385 9477
6395 8969 7233
9437 8738 1003
8240 5375 8098
7456 5288 8648
7503 6541 6885
8964 6047 1389
3385 305 4537
6045 9495 5986
3049 1713 801
6448 1790 1374
7997 3625 5896
3043 8215 8204
1885 2100 3282
8459 1797 4379
8153 2090 6837
6404 3399 4270
2256 4727 4581
3515 91 5303
567 8977 3211
1478 8017 861
1833 454 6079
5758 4557 5916
669 7906 1377
7241 8302 5497
9254 7601 7227
240 9181 510
480 5169 5874
